None 3366 189 128 2 67 7.725341705707605e-06 {}
None 2611 173 136 2 31 1.1103198075981163e-05 {}
None 2576 129 97 2 15 8.070294847223958e-06 {}
None 4051 220 155 2 40 5.886852823392002e-06 {}
None 2323 129 97 2 33 1.1158391873319802e-05 {}
None 1870 120 96 2 27 1.7131068364584446e-05 {}
None 5114 271 188 3 53 4.713588545197681e-06 {}
None 4671 259 192 3 50 5.989499930503719e-06 {}
None 5207 288 160 3 36 3.653491184653032e-06 {}
None 6508 267 159 3 20 2.097662678172187e-06 {}
None 7200 313 216 2 39 2.3297928907103175e-06 {}
None 4490 173 103 2 15 3.226424681772505e-06 {}
None 4745 192 131 3 18 3.27969647946375e-06 {}
None 4681 271 139 4 24 4.05365409327968e-06 {}
None 5969 299 159 3 26 2.671854766443273e-06 {}
None 5960 299 155 3 19 2.909275309138052e-06 {}
None 6146 618 316 4 84 6.545849979296602e-06 {}
None 4345 523 248 4 43 9.8068671684203e-06 {}
None 4440 456 247 3 53 9.114857549379636e-06 {}
None 4731 624 331 5 133 1.3003412970772295e-05 {}
None 3760 473 240 3 32 1.1398004679849256e-05 {}
None 3720 422 190 3 31 9.312431223302809e-06 {}
None 3714 462 256 3 58 1.3845595906122494e-05 {}
None 4756 471 229 3 109 8.292680893172061e-06 {}
